25 50  
0 1 22 1
0 6 18 1
1 5 2 1
2 7 11 1
3 8 2 1
3 7 17 1
3 9 26 1
4 3 -9 1
4 9 13 1
5 6 4 1
5 10 -10 1
5 1 18 1
5 11 16 1
6 0 9 1
6 12 23 1
7 2 28 1
7 3 21 1
8 13 24 1
8 4 21 1
8 14 20 1
10 11 12 1
10 15 7 1
10 16 0 1
11 10 16 1
11 16 27 1
11 5 0 1
11 15 1 1
11 17 3 1
12 8 -5 1
13 18 -6 1
13 9 30 1
14 19 -7 1
14 8 14 1
15 21 2 1
16 11 14 1
16 21 -10 1
16 20 25 1
17 12 23 1
17 13 -4 1
18 13 21 1
18 12 -6 1
18 14 13 1
19 14 5 1
19 23 6 1
21 22 20 1
21 15 14 1
22 17 -1 1
22 18 27 1
23 17 7 1
24 18 18 1