80 247  
0 1 142 1
0 11 179 1
1 11 99 1
1 10 39 1
2 12 76 1
3 4 93 1
3 13 121 1
3 12 23 1
3 14 126 1
4 3 32 1
4 5 105 1
4 15 171 1
5 4 64 1
5 6 128 1
5 15 144 1
6 16 172 1
7 6 66 1
7 8 183 1
8 9 80 1
9 18 148 1
10 0 131 1
10 11 25 1
10 1 65 1
11 0 36 1
11 2 145 1
11 20 170 1
12 2 56 1
12 11 178 1
12 13 183 1
12 1 83 1
12 3 69 1
12 23 102 1
13 3 56 1
13 22 116 1
14 4 112 1
14 13 109 1
14 3 22 1
14 23 179 1
15 16 31 1
15 25 64 1
15 4 17 1
16 17 144 1
16 26 47 1
16 25 33 1
17 16 41 1
17 27 154 1
17 26 130 1
18 8 127 1
18 28 30 1
18 29 92 1
19 9 87 1
19 29 143 1
19 8 162 1
20 21 173 1
20 30 146 1
21 22 146 1
21 31 130 1
21 10 118 1
21 30 184 1
22 21 76 1
22 23 24 1
22 31 123 1
23 13 59 1
23 24 172 1
23 33 153 1
23 12 60 1
23 32 131 1
24 23 58 1
24 13 126 1
24 35 34 1
25 26 100 1
25 14 191 1
26 16 28 1
26 27 100 1
26 36 135 1
26 17 23 1
26 37 123 1
27 17 127 1
27 26 71 1
27 38 113 1
28 18 66 1
28 27 181 1
28 29 73 1
28 19 122 1
28 37 161 1
29 19 111 1
29 28 185 1
29 39 196 1
30 31 116 1
30 40 166 1
30 21 172 1
31 21 78 1
31 30 130 1
31 32 44 1
31 40 132 1
32 42 155 1
32 21 141 1
32 23 184 1
33 32 76 1
33 43 48 1
33 42 72 1
34 24 191 1
34 33 133 1
34 44 183 1
34 23 132 1
35 25 36 1
36 26 83 1
36 35 125 1
36 27 46 1
36 45 26 1
37 38 57 1
37 47 189 1
37 26 126 1
38 39 166 1
39 29 193 1
39 28 71 1
40 30 96 1
40 41 107 1
40 50 66 1
41 40 126 1
41 42 49 1
41 51 43 1
41 30 93 1
42 32 121 1
42 41 123 1
42 43 92 1
42 52 125 1
42 33 166 1
42 51 88 1
43 33 60 1
43 34 175 1
43 54 167 1
44 34 59 1
44 35 198 1
45 35 71 1
45 44 108 1
45 55 123 1
45 34 116 1
46 36 108 1
46 45 142 1
46 47 17 1
46 56 62 1
46 55 101 1
47 48 107 1
47 57 29 1
47 38 108 1
48 38 70 1
48 49 35 1
48 58 65 1
48 57 119 1
49 48 111 1
49 59 29 1
49 38 17 1
50 60 77 1
50 41 33 1
50 61 65 1
51 50 85 1
51 62 196 1
52 42 45 1
52 62 50 1
52 41 95 1
52 43 69 1
52 63 153 1
53 43 77 1
53 52 142 1
54 53 179 1
54 64 174 1
54 43 134 1
54 45 30 1
54 65 91 1
55 45 17 1
55 56 159 1
55 44 193 1
55 46 164 1
55 64 102 1
56 46 105 1
56 55 18 1
56 67 89 1
57 56 71 1
57 67 151 1
57 46 57 1
57 68 90 1
58 48 20 1
58 59 39 1
58 68 47 1
58 47 26 1
58 67 83 1
58 69 95 1
59 49 61 1
59 69 184 1
59 48 117 1
59 68 63 1
60 50 182 1
60 70 112 1
61 50 85 1
61 52 101 1
61 70 167 1
62 61 140 1
62 63 109 1
62 51 193 1
63 62 152 1
63 72 169 1
63 74 170 1
64 54 115 1
64 63 37 1
64 65 23 1
64 74 43 1
64 73 90 1
65 56 52 1
66 65 61 1
66 57 177 1
67 57 65 1
67 66 22 1
67 68 169 1
67 58 183 1
67 78 28 1
68 67 158 1
68 69 90 1
68 78 114 1
68 77 52 1
69 59 62 1
69 68 139 1
69 58 26 1
70 61 89 1
71 61 97 1
71 70 169 1
71 60 191 1
72 62 74 1
72 73 196 1
72 61 134 1
72 63 25 1
73 63 200 1
73 72 98 1
74 64 50 1
75 65 190 1
75 64 117 1
76 75 54 1
77 76 180 1
77 78 76 1
77 66 108 1
77 68 124 1
78 77 95 1
78 79 103 1
78 67 123 1
79 69 181 1
79 78 42 1
79 68 39 1