100 297  
0 1 762 1
0 10 440 1
0 11 620 1
1 2 602 1
1 10 150 1
1 12 277 1
2 1 885 1
2 11 922 1
3 2 491 1
4 3 929 1
4 5 611 1
4 15 845 1
5 4 344 1
5 6 209 1
5 15 810 1
6 5 289 1
6 7 480 1
6 16 614 1
7 16 611 1
8 9 943 1
8 18 248 1
9 8 842 1
10 11 362 1
10 20 194 1
11 1 259 1
11 10 451 1
11 12 657 1
11 21 351 1
11 22 308 1
12 2 716 1
12 13 54 1
12 21 527 1
12 23 736 1
13 2 501 1
13 3 245 1
13 12 442 1
13 14 772 1
13 23 269 1
14 4 384 1
14 5 31 1
14 15 338 1
14 23 220 1
14 25 115 1
15 5 571 1
15 6 164 1
15 16 308 1
15 26 981 1
16 15 978 1
16 25 880 1
17 6 781 1
17 16 583 1
17 27 112 1
18 8 938 1
18 28 589 1
19 9 466 1
20 10 307 1
20 11 755 1
20 21 795 1
21 10 905 1
21 20 481 1
21 31 270 1
22 11 876 1
22 12 340 1
22 13 20 1
22 21 458 1
23 13 696 1
23 22 335 1
24 14 113 1
24 15 550 1
24 23 105 1
24 25 801 1
24 33 646 1
25 26 254 1
25 35 272 1
26 15 649 1
26 27 946 1
27 26 129 1
27 28 493 1
27 37 302 1
28 27 324 1
28 29 370 1
28 38 328 1
29 19 92 1
29 38 758 1
29 39 73 1
30 21 110 1
30 31 818 1
31 30 505 1
31 32 907 1
32 21 626 1
32 22 853 1
32 42 264 1
33 24 448 1
33 32 123 1
33 42 648 1
33 43 481 1
34 25 992 1
34 33 214 1
34 35 476 1
34 44 695 1
35 36 619 1
35 45 311 1
35 46 711 1
36 26 818 1
36 37 319 1
36 45 375 1
36 46 482 1
36 47 732 1
37 26 369 1
37 38 432 1
37 47 591 1
38 28 263 1
38 37 949 1
38 47 331 1
39 28 708 1
39 29 73 1
39 48 852 1
40 30 615 1
40 41 745 1
41 31 249 1
41 42 197 1
41 50 251 1
42 51 116 1
42 52 931 1
43 32 347 1
43 42 738 1
43 52 624 1
43 53 22 1
43 54 492 1
44 34 24 1
44 35 475 1
44 43 307 1
44 53 893 1
45 35 496 1
45 36 391 1
45 46 753 1
45 56 249 1
46 36 321 1
46 45 121 1
46 47 228 1
46 56 469 1
46 57 676 1
47 36 644 1
47 46 746 1
47 48 319 1
47 57 155 1
47 58 505 1
48 37 364 1
48 47 571 1
48 57 621 1
48 58 637 1
48 59 501 1
49 39 835 1
49 58 969 1
49 59 632 1
50 41 152 1
51 41 114 1
51 42 472 1
52 41 599 1
52 42 926 1
52 51 958 1
52 53 421 1
52 62 703 1
53 44 859 1
53 54 763 1
53 62 273 1
53 63 989 1
54 44 25 1
54 45 603 1
54 55 128 1
54 63 574 1
54 65 706 1
55 45 463 1
55 46 811 1
55 66 158 1
56 46 160 1
56 55 736 1
56 66 895 1
57 46 153 1
57 56 631 1
57 68 647 1
58 57 587 1
58 69 353 1
59 48 190 1
59 58 507 1
60 50 678 1
60 51 580 1
60 70 583 1
61 52 814 1
61 60 31 1
61 70 504 1
61 72 485 1
62 52 580 1
62 61 458 1
62 72 333 1
63 52 135 1
63 53 877 1
63 73 529 1
64 54 795 1
64 55 298 1
64 63 157 1
64 75 324 1
65 74 357 1
65 75 747 1
66 56 38 1
66 57 935 1
66 65 801 1
66 67 299 1
66 76 910 1
67 66 173 1
67 68 258 1
67 77 842 1
67 78 815 1
68 79 901 1
69 79 897 1
70 61 861 1
72 62 180 1
72 73 473 1
72 82 67 1
72 83 433 1
73 64 806 1
73 74 937 1
73 84 711 1
74 73 772 1
75 65 267 1
75 74 814 1
75 76 51 1
75 85 215 1
76 66 711 1
76 85 450 1
77 76 984 1
78 68 917 1
78 69 266 1
78 77 735 1
78 79 638 1
78 87 255 1
80 70 205 1
80 71 614 1
80 81 352 1
80 90 931 1
80 91 149 1
81 70 865 1
81 71 975 1
81 82 314 1
81 90 728 1
81 91 763 1
82 72 901 1
82 73 254 1
82 81 566 1
82 92 942 1
82 93 488 1
83 73 230 1
83 74 596 1
83 93 437 1
84 73 569 1
84 83 855 1
84 93 96 1
84 95 136 1
85 76 631 1
85 84 404 1
85 94 647 1
85 96 989 1
86 75 566 1
86 95 184 1
86 96 316 1
86 97 105 1
87 76 906 1
87 88 604 1
87 96 156 1
87 97 801 1
87 98 653 1
88 77 400 1
88 87 478 1
88 89 166 1
88 98 626 1
88 99 266 1
89 78 119 1
89 79 263 1
90 80 388 1
91 80 608 1
91 82 840 1
91 92 379 1
92 82 189 1
92 91 888 1
93 83 499 1
93 94 867 1
94 84 827 1
94 85 771 1
94 93 714 1
94 95 610 1
95 84 51 1
97 88 891 1
97 98 934 1
98 88 621 1
98 99 343 1
99 88 810 1
99 89 249 1