35 84  
0 1 7 70
1 7 3 78
1 8 6 91
1 9 9 38
2 8 4 63
2 9 4 96
3 2 7 87
3 10 9 86
3 11 8 17
3 16 7 12
4 5 9 22
5 4 9 21
5 6 3 73
5 12 7 57
6 5 4 26
7 1 6 65
7 8 8 60
8 2 9 47
8 7 9 75
8 16 9 71
9 16 3 86
10 2 3 17
10 11 3 27
11 3 6 81
11 4 7 18
11 10 7 57
11 18 5 67
12 5 6 58
12 6 3 51
12 13 9 55
12 18 5 10
12 19 3 93
12 20 5 25
13 5 7 53
14 7 8 19
14 15 6 62
14 21 8 14
15 8 4 40
15 14 6 54
15 21 5 86
16 10 6 30
16 15 4 86
16 22 7 24
16 24 5 26
17 9 3 13
17 11 8 18
17 23 5 83
18 19 3 11
19 11 9 77
19 20 8 45
19 25 9 27
20 13 4 75
20 19 7 76
20 27 8 78
21 28 6 42
22 14 5 67
22 28 4 95
23 16 7 81
23 22 7 72
23 30 9 36
23 31 9 57
24 17 4 38
24 18 7 29
24 23 8 15
24 25 9 31
24 31 9 58
25 17 7 87
25 18 9 86
25 26 8 21
26 18 6 38
26 27 9 58
26 33 8 90
27 19 7 42
27 20 9 63
27 26 8 59
28 22 4 93
29 23 4 54
30 23 6 95
30 29 8 65
31 24 9 85
32 24 9 91
32 25 5 79
32 31 4 97
34 26 8 27